
Reading the file...

Plotting...

Plot saved!
2.0
0.6790779564049427 0.03141654234225917 1.31038654183022 0.37403808434990615 0.674664185646812 0.30252671674699827 0.7604868198066118 2.1792491196505974 1.4911815464219775 0.11172671884530568  
0.252641694099015 0.5570842136695043 0.9377020530040308 0.1781785501549907 0.6873882239183023 0.8877064506650575 0.3114675944481797 0.3246780963078835 0.35084907372445007 1.15100543837838  
0.5493895948481602 0.009540894943426411 0.631066438552104 0.8773945516512553 0.7323780480239219 0.2026584478468048 0.05501080679077811 0.010496571529888274 0.3183626620600785 0.47883579647394187  
1.1469529216001995 1.283219730282186 0.7241696904594915 0.027769212949945297 0.39013043101444467 0.7432106782438389 0.9269064782971007 0.5674045124231415 0.3803585710912199 0.20087011400604227  
2.8450866071381684 0.20684610709570203 1.5625403294120497 0.8498837920072051 0.8275538933037029 0.8074448263138346 0.14058026464486473 0.01889639389686383 1.2359905642067803 0.0529212798505321  
0.010047559867279423 0.013778417529233242 0.22720199188512863 1.1424629458429836 0.2896145154229502 0.6796861746818638 0.42278082488003704 0.764304010433218 0.015856453501453892 0.567604055242138  
0.096698049815456 0.06135741163448196 0.12985710052707755 0.18727472865573022 0.252399395998493 0.1980354151276668 0.23275249404151674 0.33110514898937365 0.7359166669500781 0.04095415336867915  
0.18925055475475658 0.6662295971083739 1.1032587672061707 0.4284643511337802 0.25475264635893824 0.1819353947813163 0.9058879340901229 0.2850605919072799 0.3146228052483275 0.17698319207567859  
0.17872598847830806 0.6661784441772074 0.31081210926339514 0.06944748407909625 0.22220351226879437 0.4094922461220624 1.0197399652546917 0.17031680698728577 1.3984651701057427 0.22150596306545714  
0.3127747676893345 0.04130047255482725 0.8433901374801693 0.9819473187671134 0.0407280769495502 0.4585792292889271 0.027844265940799768 0.6516985574612479 0.4107168009738025 0.9239357476221424  
0.4517422267261263 0.03414952504217194 0.32398346303973485 0.467422109393577 0.1259714549158498 0.8699340435340573 0.5466147594758101 1.0951887171055825 0.01382576259970702 0.4665423005032247  
0.2565999012495048 0.012789634985049536 0.03756634408778579 0.06807267831422685 1.024961392186286 0.008963934992964552 0.008946245632669816 1.578373244657708 0.3235143497228414 0.7191297707159441  
0.4060222338364962 0.08753477465479165 0.4289518305601711 0.02498420290261737 0.24808970632215632 0.10238363587878876 0.0753083859154615 0.4132790897150991 0.24342823611531314 0.8400839082389592  
0.3469211491405023 0.40540893950897844 0.09336140177556641 0.44813331489344393 1.3243601547722081 0.28291889822243044 0.431142352296231 0.20186374391433864 0.0970386445849888 1.4568178736176383  
0.42187019620837024 0.3919016139855386 0.006791489013364944 0.6956460164414014 0.07892438102851207 0.0764390046697627 0.07344582046773719 0.07489667565015047 0.3852686231456253 0.5802136899018063  
0.7623141287596804 0.504656898687882 0.04608024192727405 0.17739196144037603 0.06569309791903873 0.4414970454499114 0.25941951132635443 0.17675327783010897 1.4740165473767821 0.45552951112689555  
0.7574891733576005 1.2994020881561257 0.1125135153579175 0.08521766624700834 0.06034556363171238 0.45935329318522594 0.9266731328908118 0.14290883622267553 0.4181813173298233 0.2576748157985553  
1.1145630259306665 0.4380809803393803 0.5007422305190008 0.6741309250859404 0.05335638169606079 1.0988112732049626 0.03205347421550794 0.03239129575973747 0.10204530684768123 0.2254197299603857  
0.3116124782758969 1.3729773018040474 0.22451406867076923 0.7305525458957219 0.09173753325660076 0.3444902078807585 0.27993670777654994 0.47160100334547683 0.8826814664789666 0.8223912969747674  
0.3142960227233967 0.5816516689407734 0.16645155199177364 0.9879874414199 0.12831342331348722 0.1033217576285625 0.011823758074132381 0.5507286002236609 0.10368337571310007 0.9132894064459326  
0.8175317746033933 0.31350045781734154 1.2162355763909245 0.07379833030984458 0.03646537948045836 0.2051380709657477 1.5563048976877243 0.22093703758426428 0.23873498801991036 0.008345205446986349  
0.8804790489010328 0.6629285105903243 0.5566795327212412 0.6909250489220667 0.317027722594231 0.12035925128543865 0.0960026740127839 0.29684056898173444 0.44483408142435094 0.7640415724290696  
0.030806465287442096 0.20182245646253716 0.2043677276292273 0.33107853850942964 0.016356202374725945 0.39262221675168507 0.11061608156797938 0.05163501456165151 1.9098346684638117 0.2476462626875045  
0.1473133179528987 0.2846268525737115 0.35141853576035265 0.20387292933970733 0.0016651149714233945 0.17738900996514945 0.019509838549997632 0.7496222000599697 0.3158666378836406 0.6013816619343517  
0.45771052879548757 0.3940836370229959 0.22352174319680418 0.3523384696872798 1.3945989095605762 1.3520115985600545 0.0962549878003573 0.536692069453111 0.21064989609585416 0.8203441594687336  
0.971354020334314 0.1197890055207617 0.09940181290679274 0.465490258941121 0.02792095485431158 0.0010769728003783992 1.6324302343661696 0.09982758129302555 0.35269975864927033 0.02783217994679959  
0.2757166534951378 1.1034132649272568 0.3096653846717555 0.12775769662513026 0.4193797979776558 0.003724700574180518 0.13769856632212746 0.1584805389339298 0.46516945962699163 0.5390914382875286  
0.6628107969840261 0.43872561327260806 0.019099291418748585 0.8615798201339633 0.6804494535695867 0.16444769518154945 0.09620299640409831 0.8816011060027433 1.2302292241572144 0.38363573619044444  
0.5950277632163011 0.9588981346841091 0.3779878224366871 0.17894004455446438 0.6300284234809002 0.23861090416864425 0.5161990175816731 0.15558963765835512 0.6901551485338698 0.08891679013783366  
0.33182456716184666 0.3359370739661759 0.2970947918984995 0.27904186844435924 0.07709683566884702 0.3122009920161376 0.6973441597219482 0.9866653168895944 0.4414411316886211 0.04439802601852182  
0.017371187370407663 0.1603235093128953 0.0734710392551688 0.414048496801282 0.08657559923800459 0.1386381717056649 0.015406344558069308 0.20975673728694527 0.7035316843333317 0.09989328424746519  
0.5337112003821547 0.0038423491442168977 0.08867795535643477 0.2019971627819117 0.49701862260761975 1.191075952877114 0.0717737724316638 0.2430688921244854 0.0021338444985853225 0.7497298972552718  
0.11074286968458316 0.051935983391146794 0.3651118821535219 0.6428893155324434 0.197533706064318 0.18041775358995296 1.5528683484113164 0.8436667940615483 0.47648875427021836 0.3527023122207576  
0.7389287969208338 0.487947197847679 1.1217743797578676 0.3587038295075081 0.06339080402995088 0.14998690227739078 0.5806368273109992 0.5823732217570712 0.620814868709659 0.3011377561901092  
0.2727218097473322 0.23047247193457707 0.7472894851092351 0.42170032423301823 0.6984756331601243 0.2839081580134958 0.03333212034500554 0.016703077138839957 0.48782778411070826 0.022089746900666084  
0.12737174842423868 0.26511516775994237 0.6830351010415511 1.0639216362114352 0.5717010443733139 0.6482593065273801 0.25821760698112045 0.0008808020441838412 0.3219813208178644 0.07789821497683376  
0.17605916703959296 0.4014033636138699 0.6550744687457728 0.6383192634408963 0.2754789301206484 0.7203891420570371 0.4611111865822124 0.1192494814316886 0.09093008845435002 0.014420305262574607  
0.26753339087501904 0.07076043039104393 0.26229316163824457 0.011881173921800577 0.09738048826543495 1.2923936421900628 1.949305678060296 0.1910211637100329 0.0019632016992423315 0.1021336473797348  
0.8534120043802172 1.343880738241747 0.14309730921349068 0.035879947813647325 0.3532463430177973 0.4500783984462294 1.4299602662382378 0.09248721016354679 0.15782074078057498 0.5261764434255176  
0.1280262681290016 0.3241539946176191 1.927727896065777 0.21967315502063522 0.11330183879278682 0.2706394491979095 0.07172831088116692 0.5622098440035939 0.7152281931709337 1.1393938215714075  
0.2984738770554721 0.12110925229805052 0.10829325742969752 1.1631265502685812 0.5613775034136824 0.9004616115875946 0.3205601519657241 0.2668778188830106 0.2179206851508763 0.5788866743114849  
0.6692081606149188 0.0409833601103837 1.148948542351499 0.6126806128306168 0.9522328488570914 0.08423407177175618 0.4602648116195349 0.40736882021364423 1.4632365564558116 1.438739449787983  
1.158190198486667 0.9876121012835501 0.059439494154838096 0.7503129836966875 0.07713158448091613 0.16862980834102873 2.192014219499841 0.5534665254514488 0.766819870471871 0.5344530559310072  
0.6527731389287812 4.668244066777415 0.8341898385607189 0.22129446134886357 0.22977601433113493 0.037433906663074556 0.16081691277872848 0.14376283042101196 0.3298495130186406 0.341085221836023  
0.871180706140411 0.42805417543804825 1.3500441131293752 0.4270755131123304 0.26964072264907835 0.550399408241907 1.1783122036509557 0.04467346290586225 0.07346168635579822 1.3287887530229112  
0.2713208067988987 0.04552433130143883 0.1605352981602729 0.43786316716156876 0.9515439852723057 0.3205545211613534 0.031898981210641754 0.276716812878244 0.2108761889600903 0.47524409939301476  
0.07450459831973955 0.8734327796970003 0.8809823882487476 0.30692914508862856 0.0653780178502522 0.13664849756712036 0.5811403224711665 1.2157819677451636 0.10380397158014315 0.05306206199983768  
0.5542541142007145 0.444873466832251 0.0977053101564935 0.11451575949655438 0.38740599652073415 0.5078405554663626 0.41360275644852834 0.9887141521566816 0.41314040209081715 1.1308614648065378  
0.4764070993930597 0.03714063749424522 0.4950015327445179 0.258552230797659 0.008156492242122355 0.1356333983278409 0.4846430216865373 0.13372698739659325 0.17511805040882508 1.320318082010788  
0.4529969752438963 0.18467413949341102 0.22588569528636074 1.4946537526224077 0.052769611700420285 0.525908627836911 0.8141197358171581 0.4523241943095924 0.22819090118491395 0.014756677361614231  
0.4850326475544274 0.6087728755316997 0.3571053773234506 0.6396781963727037 0.7245633037526016 0.5099308164986508 0.97961215116632 0.3546621718731834 0.5262062283193071 1.0088829882262647  
0.8031295489959446 0.685668593368719 0.0650639850123172 0.06571364679294249 0.9816651632123187 0.26181317378391933 0.7776553429514086 0.642826911282699 0.6810092425767275 0.04624418175187632  
0.9528834969776783 0.3771954541842323 0.09724622978821115 0.49665422630885364 0.044657515052349786 0.18150398954634506 0.06617014351267332 0.4462577182207915 0.6798774529208723 1.0349162215165166  
0.20525052033112023 0.05050642050657704 0.12581936235580748 0.2922129146361049 0.1103084035609085 0.5789316802031784 0.8568368260648623 0.24593153695427547 0.002499371497266897 0.23899030439111466  
0.058717627285490064 0.47301908434314327 1.6536529471306851 0.3272394879131532 0.37695098025584434 0.11187370242186438 0.9479492237615013 0.40665373590522746 0.09400548434402281 1.1253014690897707  
0.017264544759964518 0.16760920134749782 0.10636965589625264 0.4592347073374275 0.22518817431594845 0.7373401233364194 1.8493248473611938 0.07352395359798677 0.1417481088921795 0.31163520636429426  
0.5633340888308465 0.13597980837574697 0.07762875057304676 0.18905569369131406 0.09103844659107954 0.9679403769959499 0.04776771647897973 0.1694748218009118 0.20444435311019749 0.003280603584354412  
0.32091264092669103 0.5677766858410931 1.324750347309877 0.02230225646043475 0.03370276483039307 0.08601016588551526 0.8274341042505045 0.32063128585837325 0.15412739071243114 0.5827806106836523  
0.6638335871370445 0.6083336166262913 0.26626880690044835 0.15111107742449456 0.45866116393460815 0.09078293537370509 0.20735437524986697 0.5778171031214522 1.1171859407058884 0.10892001146389946  
0.4608985910797624 0.20897299440965186 0.8623436413166918 0.2083937633412166 0.3149317711453991 0.6124919353950068 0.36917248397922875 0.3098709055088581 0.5093715966705759 0.5020047506978282  
0.34209911990869396 0.02576483906683986 0.943926807426265 0.5616977334723889 0.6265722146116779 0.020476342602849813 0.3022201798381862 0.3099800894348627 0.026676333226744727 0.05881113204485673  
1.0325233818780384 0.7400375933837854 0.10927606636596778 0.05728108706959465 1.0510506542549465 0.6327123163615248 0.560919759391015 1.123859798257183 1.03492200829657 0.3147277703175689  
0.14701979264284976 1.3683006896165708 0.3524793227337696 0.013187597683273981 0.38886161338542097 0.4993255523583234 0.5204713240945371 0.40481422410652596 0.22460634297653015 0.7676852360689005  
0.04432092902198884 0.8951622843126557 0.12393086695544686 0.2525509861371068 0.090352873616382 0.3867406197225917 0.3598300522806898 0.9021590932763952 0.5077486873523216 0.2864600022108936  
0.04514708787641644 0.146804896047602 0.1819052744362472 0.6722367888061311 1.4277616454589075 0.1399309421746981 0.589755833209591 0.5239172874126163 0.5130671475514957 1.3544600787825767  
0.11462597750068734 0.5940779207905023 1.0317167144551813 0.6059440583616783 0.24515935382524887 0.97846924914093 1.5769526790818715 2.4268364856112217 0.26714462934063743 0.13965736496142228  
0.5465970607580379 1.4000491582814993 0.11096959079691442 0.07947749684125802 0.541864360774152 0.7728861450522613 0.12004884176510187 0.7000709830405557 0.58609480462829 0.595656637176925  
0.24078707443339806 0.016672157850108442 0.10104872697694424 0.12707112902780496 0.15139456230983395 0.3091951788271762 0.49005596141570656 0.19496963998965733 0.6754328468173662 0.45972417195906295  
0.2784294681720665 0.20300750096116107 0.37289959218270186 0.15588351823154872 0.45616284677588725 0.8548195066480052 0.33198698742909133 0.0232367229621829 0.9098818601462404 1.3120611801411188  
0.0014222301646611172 0.5631074670420867 0.14943845210648113 0.5237665321923215 0.5576343172486047 0.1501435032906828 1.336077279111086 0.051410312062418216 0.07716183822347114 0.2874097970454531  
0.4482515306014707 0.3353041684535196 0.39598463428455843 0.13072323624042384 0.2849932445832674 0.46218319873579794 0.509193208222319 0.10701102790818186 0.24997610363425987 0.09865653601973409  
0.021616199436814712 0.06424311976100602 0.1667211918899195 0.15557867896576302 0.050844420437058974 0.025015577738928076 0.0508836383626451 1.825072376687258 2.4530212299276943 0.33577418084635974  
0.03680427047726327 0.14117786594488663 0.25036995215799335 1.0902348008410598 0.1392650998315369 0.2593185423315411 0.46115543519374325 0.780860549755707 0.44175188477181004 0.6068081596660617  
0.9199715309975425 0.5501867256796985 0.22313624652553912 0.23033896605755932 0.27770866299074803 0.13247382990820453 0.09564400697471903 0.07333769251682672 0.37640668028525887 0.006305193241999177  
0.5891000122623167 0.008334651077496948 1.0484240148998198 0.885450866277171 0.013962486769477318 0.6358777567972079 0.08795180059584118 1.9089297863780876 0.053663159856667975 0.0016097845327297591  
1.1058573227469477 0.695932738542271 0.4417847801090831 0.20757685175283444 0.16541684879989532 0.04797787579650615 0.3048037624895987 0.6863798798856087 1.5988577712027077 1.220377273506917  
0.009915576827524227 1.7843218420287017 0.94328944261238 0.19806469695785708 0.502520855337419 0.4524469221362965 0.6337778483834624 0.3534353085415233 1.2075041710594037 2.2565345396619207  
0.08044751367040325 1.667891694981557 0.2126522825768247 0.5739626543639712 1.5472700304427747 0.31888418329048923 0.17238218664463828 0.1357037770646699 0.39460551571102914 0.13673706048396939  
0.24995005030010778 0.12480819016676471 0.2509504877900825 1.078304096238753 1.5095276450883544 0.6579429034272408 0.07523461934021522 0.5052727664401078 0.8822901893508815 0.20240854322514146  
0.12107558631020338 0.4774326771341244 0.2189898353904313 0.02608835805010864 0.03970812463527587 0.2423279338817493 0.6459693053793281 0.9571173248963303 1.637601775492082 1.5605204550576663  
0.4843311916580107 0.5579243461356782 0.2641483498411699 1.528014634944231 0.10567003262151445 0.46569775088668613 0.29818360130519284 0.13779936765446815 0.2905342445783514 2.348294371362478  
0.09992763787884364 0.44144669601158965 0.7364009263362605 1.9257483786449943 1.4194761917131256 0.4437462588061178 0.7681301848299664 0.2266079027864735 0.39247540853935675 0.3746289235620364  
0.9486719034887275 0.35876457813926044 0.08703200660765499 0.01135051145141881 0.15456436131963522 1.4694093344929209 0.30091049531465 0.6731356433658753 0.11195661508803602 0.21492271600050253  
0.28998925365726347 0.2466543767937651 0.3785447368249248 0.9417219474230004 0.6850905208013984 0.47777432081599136 1.0195685140929516 0.7828190578313214 0.2588731694273775 0.0185349547742537  
0.5102757749235949 0.24684472933688426 0.08664329077962862 0.5413675802563622 0.6192486808370103 0.6099114587922018 0.4674809584276736 0.6397567977454647 0.13328985215711134 0.2534882740897876  
0.943693520466502 0.6121819852224974 1.5529127281312283 0.31166803546961197 0.054361444842736716 0.44569779842316065 0.6392859889300048 1.7127974617099873 0.5220415004888246 1.4874176320332801  
0.11059829329764824 0.3567158968257405 0.5012799561269756 0.07905205255064278 0.3558475427582122 0.06254198477004592 0.7792153305379663 0.4589897959873105 0.8663166177206242 0.8238555172695878  
0.20659809803816162 0.3047195692176287 0.5167463062792115 0.15980199354317906 0.34778797401409967 0.4794607537458749 1.498455636280808 0.021523431709913853 0.35962468531685565 0.08570693081393223  
0.03040014192299328 0.3770024605686941 0.3452955952668582 0.18042650899300397 0.10053466045903856 1.2682214934457137 0.14163774641175378 0.5459208642604968 1.24621593286367 1.602058602344853  
0.608443768740622 0.21568708181458954 0.094274242298033 1.0270107147111367 0.35637125743095377 0.1870041405843575 0.846755770138144 0.30362549250079157 0.7103858833561837 2.1447601606421642  
0.1985395262561426 1.302856059772538 1.2122717003804446 0.5735516556232861 0.15921414572914752 0.5899439363318151 1.0106122735982148 1.2351012179584029 0.8877012896195139 0.38344008489871345  
0.06481819897993464 0.009087842232699797 0.39337840248224154 1.492260877203131 0.12264970752502355 0.09605070813708712 0.1932331670221537 0.09014144549915254 0.37238032714289515 0.09166607818083099  
0.02635523194476163 0.23743732583878605 0.28487425159778595 0.37006214880143223 0.048894706442603984 1.1063959174922826 0.01917966897807572 0.8688777728368087 0.5233607940864825 0.37517464585344645  
0.5124533982580232 0.023221637496963158 0.3418160026767972 0.17983705213788487 0.03536131783831965 0.8918451296291605 0.8634992702899429 0.38377614669505283 0.09478039780988995 1.3159740003672729  
0.47093870672359167 1.7523913316951627 0.06935814554386105 0.11621276753905181 0.4944064594492426 0.5302725204456876 0.8080325995867036 0.7912181544921675 0.5971482362548544 1.3439733538776195  
0.286881161933073 1.5775179867232691 0.6964369739550222 0.0701286987751015 0.8097145554305025 1.2630080899970964 0.09558613487708366 1.3596278170348721 0.4756998527139309 0.4050532134131202  
0.6371326834216665 0.5948689759765386 0.5577834874747339 0.47536975192267483 0.10869121407162681 0.7405974750678139 0.30968533990239205 0.5604359525164578 0.12781041594106435 0.6583488923988806  
0.012719756115346812 0.0005264291840725444 0.808927014798277 0.14630878660417318 0.7607434189594016 0.3299338850541238 0.0037773466706242723 0.688591180274623 0.09577580097811482 0.52436263378965  
0.2151242060587015 0.37953054802708325 0.052026954293398237 0.43498685652391045 0.5989462644807027 0.07802936642002524 0.29045508829998695 0.9783471409087371 0.08271825935502766 0.003955289128507599  
0.9692188567061041 0.08579088988429193 1.9071312304614958 1.2395488023298684 0.061065286739451476 0.07948888943753644 0.7817191039431848 2.1975340645594033 0.18336339789366982 1.4499335736108427  
